83;-14
77;15
93;35
86;-8
-51;-79
62;-73
-10;-41
63;26
40;-74
72;36
-89;68
67;-71
82;30
-38;23
-33;35
29;-98
-78;-42
-31;67
93;-44
-89;-58
-71;73
-79;19
84;37
98;24
15;70
-87;26
-9;80
56;-27
-38;70
96;-19
5;25
-16;27
36;5
-54;29
13;-43
24;-5
82;45
-86;67
-66;64
-57;50
-13;-92
-24;78
88;84
-97;-49
54;99
32;-40
-24;68
39;-88
-74;86
-6;39
95;70
-66;78
-33;-99
-3;2
17;-8
-48;56
1;-20
-14;-59
-35;-11
-56;-81
-60;29
-69;17
-3;71
-19;-25
9;27
67;-44
-3;53
86;65
6;-17
-81;-76
28;-29
32;-71
3;-81
-30;68
8;15
40;49
96;23
-82;-55
-54;-49
21;55
79;-12
64;-72
-59;50
93;0
-66;64
24;14
87;-44
43;-9
-73;65
-41;36
-68;51
-63;-72
-25;-93
-26;21
-42;95
-71;-63
-65;93
-82;-72
43;-89
28;29
76;-96
-57;63
-87;38
-94;-60
4;-82
28;-12
69;17
17;96
24;43
-30;83
-10;-1
72;25
-56;90
5;39
54;86
-31;-18
42;-36
97;7
55;-96
48;-89
-78;-72
-1;43
46;68
40;-78
11;-90
-95;-99
-39;30
-22;5
20;36
-56;-74
22;-35
8;-84
-18;-42
24;-63
-38;-76
-100;-64
-48;-1
79;50
-32;-29
73;31
-19;30
33;-6
-40;63
99;81
-1;96
59;73
-87;-32
90;-5
26;-34
-16;40
-10;-16
76;42
36;7
-55;56
79;-82
-13;-88
48;72
-41;-91
36;-90
42;87
-94;1
13;72
21;-45
-81;99
21;4
39;-89
40;-33
5;-72
27;50
84;-42
20;-76
-78;-31
96;-19
-70;-16
-8;72
-28;-50
-75;85
-78;-1
-60;-58
-2;13
-2;90
24;90
-91;81
-81;36
32;55
94;-96
79;69
-27;76
-50;-45
-40;42
79;-16
93;-95
-79;67
4;-87
61;54
26;-41
44;-98
-98;6
84;-79
-58;-32
